n 947
0.000448175
0.000448175
0.000448175
0.000448176
0.000448176
0.000448176
0.000448176
0.000448176
0.000448176
0.000448176
0.000448176
1.15593e-09
0.000448176
0.0341203
4.80811e-09
0.000448175
0.000448177
0.000448174
0.000448176
0.000448176
0.000448176
0.000448177
0.000448176
0.000448175
0.000448176
0.000448176
0.000448176
0.000448176
1.33097e-09
0.000448176
0.00044817
1.10816e-09
4.25811e-09
0.000448176
0.000448176
0.000448177
0.000448176
0.000448175
0.000448177
0.000448177
0.000448176
0.000448176
0.000448177
0.0692181
0.000448176
0.000448176
0.00580272
0.000448176
1.58582e-09
0.000448176
0.000448177
0.000448178
0.000448176
0.000448175
0.000448177
0.000448175
0.0638263
0.000442377
0.000448177
0.000448174
0.000448176
0.000448176
0.000448173
0.000448175
0.000448176
0.000448177
0.000448178
0.000448176
0.00044816
0.000448176
0.000448174
0.000448176
0.000448175
0.000448177
0.000448176
0.000448176
0.000448177
0.000448176
0.000448176
0.000448175
0.000448177
0.000448176
0.000448177
0.000448176
0.000448178
0.000448176
2.11546e-09
0.000448175
0.000448176
0.000448175
0.000448175
0.000448152
0.000448177
0.000448176
0.000448176
0.000448173
0.000448176
0.000448177
0.000448176
2.01027e-09
5.52797e-09
0.000448176
0.000448176
0.000448172
0.000448177
0.000448176
0.000448176
3.67492e-09
0.000448175
0.000448176
0.000448177
0.000448177
0.000448176
0.000448174
0.000448171
0.000448176
4.07674e-09
3.3977e-09
0.000448175
1.32647e-09
0.000448177
0.000448176
0.000448177
0.000448171
0.000448177
0.000448176
0.000448174
0.000448174
0.000448176
0.000448179
0.00044818
0.000448176
0.000448177
0.000448176
0.000448176
0.000448176
0.000448152
0.000448176
0.000448176
0.0267444
1.08277e-09
2.9328e-09
0.000448176
0.000448177
0.000448177
0.000448176
0.000448172
0.000448176
0.000448176
0.000448176
0.000448178
0.000448176
0.000448176
0.000448181
0.000448175
0.000448175
0.000448173
0.000448172
0.000448174
0.000448173
0.000448177
0.000448148
0.000448177
0.000448177
0.000448177
0.000448177
0.000448176
0.000448155
2.78156e-09
0.000448172
0.000448177
0.000448177
2.33358e-09
0.000448176
0.000448177
0.000448177
0.000448174
0.000448176
2.13396e-09
0.000448176
0.000448141
0.000448176
0.000448176
0.000448177
0.000448176
0.000448175
1.1516e-09
0.000448176
0.000448176
0.000448176
0.000448176
0.000448176
0.000448177
1.20186e-09
0.000448176
2.22896e-09
0.000448177
0.000448177
0.000448176
0.000448177
0.000448176
0.000448175
0.000448177
0.000448176
0.000448176
0.000448176
0.000448177
0.000448176
0.013189
0.000448176
0.000448176
0.000448176
0.000448174
0.000448177
0.000448177
0.000448176
0.00044808
0.000448177
0.000448177
0.000448176
2.39779e-09
0.000448176
0.000448176
0.000448177
0.000448177
0.000448176
0.000448177
0.000448176
0.000448176
0.000448177
0.000448177
0.000448175
0.000448176
0.000448174
0.000448176
0.000448177
0.000448175
0.000448176
0.000448176
0.000448176
5.23431e-09
0.000448152
0.000448175
0.000448176
0.000448175
0.000448176
0.000448175
0.000448174
0.000448176
0.000448175
0.000448171
0.000448177
0.000448177
0.000448176
0.000448176
1.30516e-09
0.000448176
1.95385e-09
0.000448176
0.000448176
0.000448176
0.000448176
0.000448176
0.000448177
1.97337e-09
0.000448161
0.000448176
0.000448176
1.05088e-09
0.000448176
0.000448176
1.64065e-09
0.000448177
0.000448176
0.000448176
0.000448176
0.000448176
0.000448172
0.000448176
0.000448176
0.000448177
0.000448177
0.000448177
0.000448176
0.000448176
0.000448177
0.000448177
0.000448177
0.000448176
1.34596e-09
1.72495e-09
0.000448176
0.000448176
0.000448176
0.000448175
0.000448177
3.38288e-09
0.000448177
0.000448175
0.000448176
5.87693e-09
0.000448177
1.3254e-09
0.000448174
0.000448176
0.000448176
0.000448176
0.000448176
0.000448176
0.000448176
0.000448176
0.000448176
0.000448173
0.000448176
0.000448176
0.000448176
0.000448176
0.000448177
0.000448176
0.000448175
0.000448177
0.000448176
0.000448176
0.000448167
1.16672e-09
0.000448176
0.000448176
0.000448176
0.000448175
0.000448177
0.000448177
0.000448177
0.00119326
0.000448176
0.000448177
0.000448176
0.000448176
1.30943e-09
0.000448177
0.000448177
0.000448175
0.000448177
0.000448176
0.000448177
0.000448174
0.000448176
0.000448176
0.000448176
0.000448175
0.000448177
0.000448176
1.52049e-09
0.00044817
2.04117e-09
1.06788e-09
0.000448176
0.000448177
0.000448177
0.000448176
0.000448173
0.000448176
0.000448177
0.000448176
1.75345e-09
0.000448174
0.000448173
0.000448176
0.000448177
1.01541e-09
0.000448176
0.000448175
0.000448177
0.000448176
0.000448175
0.000448176
0.000448176
0.000448173
1.10743e-09
0.000448177
0.000448176
0.000448177
0.000448176
0.000448176
1.16219e-09
0.000448176
0.000448177
0.000448176
0.000448175
0.000448173
0.000448176
0.0185378
1.38068e-09
0.000448172
0.000448176
0.000448177
0.000448176
0.000448176
0.000448177
0.000448176
0.000448177
0.000448176
0.000448171
0.000448175
0.000448176
0.000448176
0.000448176
0.000448176
0.000448177
0.000448176
0.000448175
0.000448176
0.000448176
0.000448176
1.35011e-09
0.000448176
4.86432e-09
0.000448176
0.000448176
0.000448176
0.000448176
1.23837e-09
0.000448176
0.000448176
0.000448176
0.000448179
0.000448176
0.000448176
0.000448175
0.000448175
0.000448177
0.000448164
0.000448176
0.000448176
0.000448176
0.000448176
1.88283e-09
0.000448174
0.000448176
0.000448182
0.0647623
0.000448176
0.000448176
0.000448176
1.05332e-09
0.000448176
0.0182984
0.000448177
0.000448176
1.33348e-09
0.000448175
0.000448177
0.000448175
0.000448169
0.000448176
0.000448176
0.00044818
0.000448176
1.45077e-09
0.000448177
0.000448176
3.90606e-09
0.000448177
2.34651e-09
0.000448176
1.06931e-09
1.46589e-08
0.000448154
0.000448182
0.000448175
0.000448176
0.000448175
0.000448177
0.000448176
0.000448176
0.000448175
0.000448176
0.000448177
0.000448172
1.22541e-09
0.000448176
0.000448177
0.000448176
0.000448178
0.000448176
0.000448176
0.000448175
0.000448178
0.000448177
0.000448177
0.000448176
0.000448177
0.000448176
0.000448174
0.000448176
0.000448177
0.000448176
0.000448176
0.000448176
1.63998e-09
0.000448173
0.000448176
0.00794922
0.000448175
0.000448176
0.000448176
0.000448176
0.000448175
0.000448177
0.000448176
0.000448175
0.000448176
0.000448175
0.000448177
0.000448176
0.000448176
0.000448176
0.000448177
0.000448176
0.000448176
0.000448176
0.000448177
0.000448177
0.000448176
0.000448176
0.000448176
3.29304e-09
0.000448176
0.000448177
0.000448176
0.000448177
2.53869e-09
0.000448178
0.000448176
0.000448177
0.000448176
0.000448176
2.66291e-09
0.000448176
2.13233e-09
0.000448177
0.000448176
0.000448176
0.000448221
0.000448176
0.000448173
0.000448176
0.000448175
0.000448173
0.000448175
0.000448176
0.000448178
0.000448176
0.000448174
0.000448176
0.373897
0.000448175
0.000448177
0.000448177
0.000448166
0.000448176
0.000448175
0.000448176
0.000448176
0.000448176
0.000448163
0.000448187
0.000448173
0.000448177
0.000448176
0.000448175
1.46914e-08
0.000448177
5.36423e-09
0.000448175
0.000448177
0.000448174
0.000448176
0.000448176
0.000448172
0.000448177
0.000448176
0.000448171
4.94712e-09
0.0248174
0.000448177
0.000448177
0.000448176
0.000448177
0.000448175
0.000448176
0.000448176
1.16693e-09
0.000448146
0.000448176
0.000448176
0.000448176
1.18679e-09
0.000448172
2.798e-09
0.000448176
0.000448177
1.04075e-09
0.000448176
0.000448176
2.67558e-09
0.000448176
0.000448176
1.34289e-09
0.000448175
2.16582e-09
0.000448177
0.000448177
0.000448172
0.000448176
0.000448176
0.000448177
1.03388e-09
0.000448176
3.15671e-09
0.000448176
0.000448174
0.000448166
1.42187e-09
0.000448176
0.000448177
0.000448177
0.000448176
0.000448176
0.000448176
0.000448176
0.000448176
0.000448172
1.86755e-09
0.0288896
0.000448176
2.25891e-05
0.000448175
0.000448176
1.17221e-09
0.000448177
0.000448171
0.000448177
0.00044815
2.39405e-09
0.000448176
0.000448177
3.56981e-09
